force #id type x_posit y_posit z_posit x_direc y_direc z_direc directMag barid startTime endTime caculation_endTime ramp_time loadway
0 1 6 6 15 0 1 0 1000 37 0 50 50 50 Vertical
1 1 0 6 15 0 1 0 1000 39 0 50 50 50 Vertical
2 3 0 0 0 0 1 0 9.8 0 0 50 50 50 Vertical
3 3 6 0 0 0 1 0 9.8 1 0 50 50 50 Vertical
4 3 6 6 0 0 1 0 9.8 2 0 50 50 50 Vertical
5 3 0 6 0 0 1 0 9.8 3 0 50 50 50 Vertical
6 3 0 0 3 0 1 0 24.5 4 0 50 50 50 Vertical
7 3 6 0 3 0 1 0 24.5 5 0 50 50 50 Vertical
8 3 6 6 3 0 1 0 24.5 6 0 50 50 50 Vertical
9 3 0 6 3 0 1 0 24.5 7 0 50 50 50 Vertical
10 3 0 0 6 0 1 0 24.5 8 0 50 50 50 Vertical
11 3 6 0 6 0 1 0 24.5 9 0 50 50 50 Vertical
12 3 6 6 6 0 1 0 24.5 10 0 50 50 50 Vertical
13 3 0 6 6 0 1 0 24.5 11 0 50 50 50 Vertical
14 3 0 0 9 0 1 0 24.5 16 0 50 50 50 Vertical
15 3 6 0 9 0 1 0 24.5 17 0 50 50 50 Vertical
16 3 6 6 9 0 1 0 24.5 18 0 50 50 50 Vertical
17 3 0 6 9 0 1 0 24.5 19 0 50 50 50 Vertical
18 3 0 0 12 0 1 0 24.5 24 0 50 50 50 Vertical
19 3 6 0 12 0 1 0 24.5 25 0 50 50 50 Vertical
20 3 6 6 12 0 1 0 24.5 26 0 50 50 50 Vertical
21 3 0 6 12 0 1 0 24.5 27 0 50 50 50 Vertical
22 3 0 0 15 0 1 0 24.5 32 0 50 50 50 Vertical
23 3 6 0 15 0 1 0 24.5 33 0 50 50 50 Vertical
24 3 6 6 15 0 1 0 24.5 34 0 50 50 50 Vertical
25 3 0 6 15 0 1 0 24.5 35 0 50 50 50 Vertical
node #id type posit.x posit.y posit.z mass
0 2 0 0 0 10
1 2 6 0 0 10
2 2 6 6 0 10
3 2 0 6 0 10
4 1 0 0 3 2.5
5 1 6 0 3 2.5
6 1 6 6 3 2.5
7 1 0 6 3 2.5
8 1 0 0 6 2.5
9 1 6 0 6 2.5
10 1 6 6 6 2.5
11 1 0 6 6 2.5
12 1 0 0 9 2.5
13 1 6 0 9 2.5
14 1 6 6 9 2.5
15 1 0 6 9 2.5
16 1 0 0 12 2.5
17 1 6 0 12 2.5
18 1 6 6 12 2.5
19 1 0 6 12 2.5
20 1 0 0 15 2.5
21 1 6 0 15 2.5
22 1 6 6 15 2.5
23 1 0 6 15 2.5
bar #id node1id node2id Young_modulus area density extremForce
0 0 4 100 1 1 10
1 1 5 100 1 1 10
2 2 6 10000 1 1 1000000
3 3 7 10000 1 1 1000000
4 4 5 10000 1 1 1000000
5 5 6 10000 1 1 1000000
6 6 7 10000 1 1 1000000
7 7 4 10000 1 1 1000000
8 4 8 10000 1 1 1000000
9 5 9 10000 1 1 1000000
10 6 10 10000 1 1 1000000
11 7 11 10000 1 1 1000000
12 8 9 10000 1 1 1000000
13 9 10 10000 1 1 1000000
14 10 11 10000 1 1 1000000
15 11 8 10000 1 1 1000000
16 8 12 10000 1 1 1000000
17 9 13 10000 1 1 1000000
18 10 14 10000 1 1 1000000
19 11 15 10000 1 1 1000000
20 12 13 10000 1 1 1000000
21 13 14 10000 1 1 1000000
22 14 15 10000 1 1 1000000
23 15 12 10000 1 1 1000000
24 12 16 10000 1 1 1000000
25 13 17 10000 1 1 1000000
26 14 18 10000 1 1 1000000
27 15 19 10000 1 1 1000000
28 16 17 10000 1 1 1000000
29 17 18 10000 1 1 1000000
30 18 19 10000 1 1 1000000
31 19 16 10000 1 1 1000000
32 16 20 10000 1 1 1000000
33 17 21 10000 1 1 1000000
34 18 22 10000 1 1 1000000
35 19 23 10000 1 1 1000000
36 20 21 10000 1 1 1000000
37 21 22 10000 1 1 1000000
38 22 23 10000 1 1 1000000
39 23 20 10000 1 1 1000000
40 0 5 100 1 1 10
41 1 6 100 1 1 10
42 2 7 100 1 1 10
43 3 4 100 1 1 10
44 4 9 100 1 1 1000000
45 5 10 10000 1 1 1000000
46 6 11 10000 1 1 1000000
47 7 8 10000 1 1 1000000
48 8 13 10000 1 1 1000000
49 9 14 10000 1 1 1000000
50 10 15 10000 1 1 1000000
51 11 12 10000 1 1 1000000
52 12 17 10000 1 1 1000000
53 13 18 10000 1 1 1000000
54 14 19 10000 1 1 1000000
55 15 16 10000 1 1 1000000
56 16 21 10000 1 1 1000000
57 17 22 10000 1 1 1000000
58 18 23 10000 1 1 1000000
59 19 20 10000 1 1 1000000